  1.0000000e+000  3.7000000e+001  1.1000000e+001  1.0000000e+000  0.0000000e+000  1.0000000e+000  1.0000000e+000  0.0000000e+000  0.0000000e+000  9.9300460e+003
  1.0000000e+000  2.2000000e+001  9.0000000e+000  0.0000000e+000  1.0000000e+000  0.0000000e+000  1.0000000e+000  0.0000000e+000  0.0000000e+000  3.5958940e+003
  1.0000000e+000  3.0000000e+001  1.2000000e+001  1.0000000e+000  0.0000000e+000  0.0000000e+000  0.0000000e+000  0.0000000e+000  0.0000000e+000  2.4909450e+004
  1.0000000e+000  2.7000000e+001  1.1000000e+001  1.0000000e+000  0.0000000e+000  0.0000000e+000  1.0000000e+000  0.0000000e+000  0.0000000e+000  7.5061460e+003
  1.0000000e+000  3.3000000e+001  8.0000000e+000  1.0000000e+000  0.0000000e+000  0.0000000e+000  1.0000000e+000  0.0000000e+000  0.0000000e+000  2.8978990e+002
  1.0000000e+000  2.2000000e+001  9.0000000e+000  1.0000000e+000  0.0000000e+000  0.0000000e+000  1.0000000e+000  0.0000000e+000  0.0000000e+000  4.0564940e+003
  1.0000000e+000  2.3000000e+001  1.2000000e+001  1.0000000e+000  0.0000000e+000  0.0000000e+000  0.0000000e+000  0.0000000e+000  0.0000000e+000  0.0000000e+000
  1.0000000e+000  3.2000000e+001  1.1000000e+001  1.0000000e+000  0.0000000e+000  0.0000000e+000  1.0000000e+000  0.0000000e+000  0.0000000e+000  8.4721580e+003
  1.0000000e+000  2.2000000e+001  1.6000000e+001  1.0000000e+000  0.0000000e+000  0.0000000e+000  0.0000000e+000  0.0000000e+000  0.0000000e+000  2.1640220e+003
  1.0000000e+000  3.3000000e+001  1.2000000e+001  0.0000000e+000  0.0000000e+000  1.0000000e+000  0.0000000e+000  0.0000000e+000  0.0000000e+000  1.2418070e+004
  1.0000000e+000  1.9000000e+001  9.0000000e+000  1.0000000e+000  0.0000000e+000  0.0000000e+000  1.0000000e+000  0.0000000e+000  0.0000000e+000  8.1739080e+003
  1.0000000e+000  2.1000000e+001  1.3000000e+001  1.0000000e+000  0.0000000e+000  0.0000000e+000  0.0000000e+000  0.0000000e+000  0.0000000e+000  1.7094640e+004
  1.0000000e+000  1.8000000e+001  8.0000000e+000  1.0000000e+000  0.0000000e+000  0.0000000e+000  1.0000000e+000  0.0000000e+000  0.0000000e+000  0.0000000e+000
  1.0000000e+000  2.7000000e+001  1.0000000e+001  1.0000000e+000  0.0000000e+000  1.0000000e+000  1.0000000e+000  0.0000000e+000  0.0000000e+000  1.8739930e+004
  1.0000000e+000  1.7000000e+001  7.0000000e+000  1.0000000e+000  0.0000000e+000  0.0000000e+000  1.0000000e+000  0.0000000e+000  0.0000000e+000  3.0238790e+003
  1.0000000e+000  1.9000000e+001  1.0000000e+001  1.0000000e+000  0.0000000e+000  0.0000000e+000  1.0000000e+000  0.0000000e+000  0.0000000e+000  3.2285030e+003
  1.0000000e+000  2.7000000e+001  1.3000000e+001  1.0000000e+000  0.0000000e+000  0.0000000e+000  0.0000000e+000  0.0000000e+000  0.0000000e+000  1.4581860e+004
  1.0000000e+000  2.3000000e+001  1.0000000e+001  1.0000000e+000  0.0000000e+000  0.0000000e+000  1.0000000e+000  0.0000000e+000  0.0000000e+000  7.6934000e+003
  1.0000000e+000  4.0000000e+001  1.2000000e+001  1.0000000e+000  0.0000000e+000  0.0000000e+000  0.0000000e+000  0.0000000e+000  0.0000000e+000  1.0804320e+004
  1.0000000e+000  2.6000000e+001  1.2000000e+001  1.0000000e+000  0.0000000e+000  0.0000000e+000  0.0000000e+000  0.0000000e+000  0.0000000e+000  1.0747350e+004
  1.0000000e+000  2.3000000e+001  1.1000000e+001  1.0000000e+000  0.0000000e+000  0.0000000e+000  1.0000000e+000  0.0000000e+000  0.0000000e+000  0.0000000e+000
  1.0000000e+000  4.1000000e+001  1.4000000e+001  0.0000000e+000  0.0000000e+000  0.0000000e+000  0.0000000e+000  0.0000000e+000  0.0000000e+000  5.1495010e+003
  1.0000000e+000  3.8000000e+001  9.0000000e+000  0.0000000e+000  0.0000000e+000  0.0000000e+000  1.0000000e+000  0.0000000e+000  0.0000000e+000  6.4089500e+003
  1.0000000e+000  2.4000000e+001  1.1000000e+001  1.0000000e+000  0.0000000e+000  0.0000000e+000  1.0000000e+000  0.0000000e+000  0.0000000e+000  1.9914000e+003
  1.0000000e+000  1.8000000e+001  1.0000000e+001  1.0000000e+000  0.0000000e+000  0.0000000e+000  1.0000000e+000  0.0000000e+000  0.0000000e+000  1.1163170e+004
  1.0000000e+000  2.9000000e+001  1.1000000e+001  1.0000000e+000  0.0000000e+000  1.0000000e+000  1.0000000e+000  0.0000000e+000  0.0000000e+000  9.6429990e+003
  1.0000000e+000  2.5000000e+001  1.1000000e+001  1.0000000e+000  0.0000000e+000  0.0000000e+000  1.0000000e+000  0.0000000e+000  0.0000000e+000  9.8970490e+003
  1.0000000e+000  2.7000000e+001  1.0000000e+001  0.0000000e+000  1.0000000e+000  0.0000000e+000  1.0000000e+000  0.0000000e+000  0.0000000e+000  1.1142870e+004
  1.0000000e+000  1.7000000e+001  1.0000000e+001  1.0000000e+000  0.0000000e+000  0.0000000e+000  1.0000000e+000  0.0000000e+000  0.0000000e+000  1.6218040e+004
  1.0000000e+000  2.4000000e+001  1.1000000e+001  1.0000000e+000  0.0000000e+000  0.0000000e+000  1.0000000e+000  0.0000000e+000  0.0000000e+000  9.9570020e+002
  1.0000000e+000  1.7000000e+001  1.0000000e+001  1.0000000e+000  0.0000000e+000  0.0000000e+000  1.0000000e+000  0.0000000e+000  0.0000000e+000  0.0000000e+000
  1.0000000e+000  4.8000000e+001  4.0000000e+000  1.0000000e+000  0.0000000e+000  0.0000000e+000  1.0000000e+000  0.0000000e+000  0.0000000e+000  6.5515920e+003
  1.0000000e+000  2.5000000e+001  1.1000000e+001  1.0000000e+000  0.0000000e+000  1.0000000e+000  1.0000000e+000  0.0000000e+000  0.0000000e+000  1.5744240e+003
  1.0000000e+000  2.0000000e+001  1.2000000e+001  1.0000000e+000  0.0000000e+000  0.0000000e+000  0.0000000e+000  0.0000000e+000  0.0000000e+000  0.0000000e+000
  1.0000000e+000  2.5000000e+001  1.2000000e+001  1.0000000e+000  0.0000000e+000  0.0000000e+000  0.0000000e+000  0.0000000e+000  0.0000000e+000  3.1917530e+003
  1.0000000e+000  4.2000000e+001  1.4000000e+001  1.0000000e+000  0.0000000e+000  0.0000000e+000  0.0000000e+000  0.0000000e+000  0.0000000e+000  2.0505930e+004
  1.0000000e+000  2.5000000e+001  5.0000000e+000  1.0000000e+000  0.0000000e+000  0.0000000e+000  1.0000000e+000  0.0000000e+000  0.0000000e+000  6.1818800e+003
  1.0000000e+000  2.3000000e+001  1.2000000e+001  1.0000000e+000  0.0000000e+000  1.0000000e+000  0.0000000e+000  0.0000000e+000  0.0000000e+000  5.9115510e+003
  1.0000000e+000  4.6000000e+001  8.0000000e+000  1.0000000e+000  0.0000000e+000  1.0000000e+000  1.0000000e+000  0.0000000e+000  0.0000000e+000  3.0941560e+003
  1.0000000e+000  2.4000000e+001  1.0000000e+001  1.0000000e+000  0.0000000e+000  0.0000000e+000  1.0000000e+000  0.0000000e+000  0.0000000e+000  0.0000000e+000
  1.0000000e+000  2.1000000e+001  1.2000000e+001  1.0000000e+000  0.0000000e+000  0.0000000e+000  0.0000000e+000  0.0000000e+000  0.0000000e+000  1.2545820e+003
  1.0000000e+000  1.9000000e+001  9.0000000e+000  0.0000000e+000  0.0000000e+000  0.0000000e+000  1.0000000e+000  0.0000000e+000  0.0000000e+000  1.3188830e+004
  1.0000000e+000  1.7000000e+001  8.0000000e+000  1.0000000e+000  0.0000000e+000  0.0000000e+000  1.0000000e+000  0.0000000e+000  0.0000000e+000  8.0614850e+003
  1.0000000e+000  1.8000000e+001  8.0000000e+000  0.0000000e+000  1.0000000e+000  1.0000000e+000  1.0000000e+000  0.0000000e+000  0.0000000e+000  2.7879600e+003
  1.0000000e+000  2.0000000e+001  1.1000000e+001  1.0000000e+000  0.0000000e+000  0.0000000e+000  1.0000000e+000  0.0000000e+000  0.0000000e+000  3.9725400e+003
  1.0000000e+000  2.5000000e+001  1.1000000e+001  1.0000000e+000  0.0000000e+000  1.0000000e+000  1.0000000e+000  0.0000000e+000  0.0000000e+000  0.0000000e+000
  1.0000000e+000  1.7000000e+001  8.0000000e+000  1.0000000e+000  0.0000000e+000  0.0000000e+000  1.0000000e+000  0.0000000e+000  0.0000000e+000  0.0000000e+000
  1.0000000e+000  1.7000000e+001  9.0000000e+000  1.0000000e+000  0.0000000e+000  0.0000000e+000  1.0000000e+000  0.0000000e+000  0.0000000e+000  0.0000000e+000
  1.0000000e+000  2.5000000e+001  5.0000000e+000  1.0000000e+000  0.0000000e+000  0.0000000e+000  1.0000000e+000  0.0000000e+000  0.0000000e+000  1.2187410e+004
  1.0000000e+000  2.3000000e+001  1.2000000e+001  1.0000000e+000  0.0000000e+000  0.0000000e+000  0.0000000e+000  0.0000000e+000  0.0000000e+000  4.8431760e+003
  1.0000000e+000  2.8000000e+001  8.0000000e+000  1.0000000e+000  0.0000000e+000  0.0000000e+000  1.0000000e+000  0.0000000e+000  0.0000000e+000  0.0000000e+000
  1.0000000e+000  3.1000000e+001  1.1000000e+001  1.0000000e+000  0.0000000e+000  1.0000000e+000  1.0000000e+000  0.0000000e+000  0.0000000e+000  8.0874870e+003
  1.0000000e+000  1.8000000e+001  1.1000000e+001  1.0000000e+000  0.0000000e+000  0.0000000e+000  1.0000000e+000  0.0000000e+000  0.0000000e+000  0.0000000e+000
  1.0000000e+000  2.5000000e+001  1.2000000e+001  1.0000000e+000  0.0000000e+000  0.0000000e+000  0.0000000e+000  0.0000000e+000  0.0000000e+000  2.3489730e+003
  1.0000000e+000  3.0000000e+001  1.1000000e+001  1.0000000e+000  0.0000000e+000  1.0000000e+000  1.0000000e+000  0.0000000e+000  0.0000000e+000  5.9078180e+002
  1.0000000e+000  1.7000000e+001  1.0000000e+001  1.0000000e+000  0.0000000e+000  0.0000000e+000  1.0000000e+000  0.0000000e+000  0.0000000e+000  0.0000000e+000
  1.0000000e+000  3.7000000e+001  9.0000000e+000  1.0000000e+000  0.0000000e+000  0.0000000e+000  1.0000000e+000  0.0000000e+000  0.0000000e+000  1.0675060e+003
  1.0000000e+000  4.1000000e+001  4.0000000e+000  1.0000000e+000  0.0000000e+000  1.0000000e+000  1.0000000e+000  0.0000000e+000  0.0000000e+000  7.2849860e+003
  1.0000000e+000  4.2000000e+001  1.4000000e+001  1.0000000e+000  0.0000000e+000  1.0000000e+000  0.0000000e+000  0.0000000e+000  0.0000000e+000  1.3167520e+004
  1.0000000e+000  2.2000000e+001  1.1000000e+001  0.0000000e+000  0.0000000e+000  0.0000000e+000  1.0000000e+000  0.0000000e+000  0.0000000e+000  1.0484320e+003
  1.0000000e+000  1.7000000e+001  8.0000000e+000  1.0000000e+000  0.0000000e+000  0.0000000e+000  1.0000000e+000  0.0000000e+000  0.0000000e+000  0.0000000e+000
  1.0000000e+000  2.9000000e+001  8.0000000e+000  1.0000000e+000  0.0000000e+000  0.0000000e+000  1.0000000e+000  0.0000000e+000  0.0000000e+000  1.9239380e+003
  1.0000000e+000  3.5000000e+001  1.0000000e+001  1.0000000e+000  0.0000000e+000  0.0000000e+000  1.0000000e+000  0.0000000e+000  0.0000000e+000  4.6662360e+003
  1.0000000e+000  2.7000000e+001  1.1000000e+001  1.0000000e+000  0.0000000e+000  0.0000000e+000  1.0000000e+000  0.0000000e+000  0.0000000e+000  5.4929840e+002
  1.0000000e+000  2.9000000e+001  4.0000000e+000  1.0000000e+000  0.0000000e+000  0.0000000e+000  1.0000000e+000  0.0000000e+000  0.0000000e+000  7.6291460e+002
  1.0000000e+000  2.8000000e+001  9.0000000e+000  1.0000000e+000  0.0000000e+000  0.0000000e+000  1.0000000e+000  0.0000000e+000  0.0000000e+000  1.0694290e+004
  1.0000000e+000  2.7000000e+001  1.1000000e+001  1.0000000e+000  0.0000000e+000  0.0000000e+000  1.0000000e+000  0.0000000e+000  0.0000000e+000  0.0000000e+000
  1.0000000e+000  2.3000000e+001  7.0000000e+000  0.0000000e+000  0.0000000e+000  0.0000000e+000  1.0000000e+000  0.0000000e+000  0.0000000e+000  0.0000000e+000
  1.0000000e+000  4.5000000e+001  5.0000000e+000  1.0000000e+000  0.0000000e+000  1.0000000e+000  1.0000000e+000  0.0000000e+000  0.0000000e+000  8.5467150e+003
  1.0000000e+000  2.9000000e+001  1.3000000e+001  1.0000000e+000  0.0000000e+000  0.0000000e+000  0.0000000e+000  0.0000000e+000  0.0000000e+000  7.4796560e+003
  1.0000000e+000  2.7000000e+001  9.0000000e+000  1.0000000e+000  0.0000000e+000  0.0000000e+000  1.0000000e+000  0.0000000e+000  0.0000000e+000  0.0000000e+000
  1.0000000e+000  4.6000000e+001  1.3000000e+001  1.0000000e+000  0.0000000e+000  0.0000000e+000  0.0000000e+000  0.0000000e+000  0.0000000e+000  6.4720460e+002
  1.0000000e+000  1.8000000e+001  6.0000000e+000  1.0000000e+000  0.0000000e+000  0.0000000e+000  1.0000000e+000  0.0000000e+000  0.0000000e+000  0.0000000e+000
  1.0000000e+000  2.5000000e+001  1.2000000e+001  1.0000000e+000  0.0000000e+000  0.0000000e+000  0.0000000e+000  0.0000000e+000  0.0000000e+000  1.1965810e+004
  1.0000000e+000  2.8000000e+001  1.5000000e+001  1.0000000e+000  0.0000000e+000  0.0000000e+000  0.0000000e+000  0.0000000e+000  0.0000000e+000  9.5985410e+003
  1.0000000e+000  2.5000000e+001  1.1000000e+001  0.0000000e+000  0.0000000e+000  0.0000000e+000  1.0000000e+000  0.0000000e+000  0.0000000e+000  1.8783350e+004
  1.0000000e+000  2.2000000e+001  1.2000000e+001  1.0000000e+000  0.0000000e+000  0.0000000e+000  0.0000000e+000  0.0000000e+000  0.0000000e+000  1.8678080e+004
  1.0000000e+000  2.1000000e+001  9.0000000e+000  1.0000000e+000  0.0000000e+000  0.0000000e+000  1.0000000e+000  0.0000000e+000  0.0000000e+000  0.0000000e+000
  1.0000000e+000  4.0000000e+001  1.1000000e+001  1.0000000e+000  0.0000000e+000  0.0000000e+000  1.0000000e+000  0.0000000e+000  0.0000000e+000  2.3005600e+004
  1.0000000e+000  2.2000000e+001  1.1000000e+001  1.0000000e+000  0.0000000e+000  0.0000000e+000  1.0000000e+000  0.0000000e+000  0.0000000e+000  6.4566970e+003
  1.0000000e+000  2.5000000e+001  1.2000000e+001  1.0000000e+000  0.0000000e+000  0.0000000e+000  0.0000000e+000  0.0000000e+000  0.0000000e+000  0.0000000e+000
  1.0000000e+000  1.8000000e+001  1.2000000e+001  1.0000000e+000  0.0000000e+000  0.0000000e+000  0.0000000e+000  0.0000000e+000  0.0000000e+000  2.3211070e+003
  1.0000000e+000  3.8000000e+001  1.2000000e+001  0.0000000e+000  0.0000000e+000  0.0000000e+000  0.0000000e+000  0.0000000e+000  0.0000000e+000  4.9418490e+003
  1.0000000e+000  2.7000000e+001  1.3000000e+001  1.0000000e+000  0.0000000e+000  0.0000000e+000  0.0000000e+000  0.0000000e+000  0.0000000e+000  0.0000000e+000
  1.0000000e+000  2.7000000e+001  8.0000000e+000  1.0000000e+000  0.0000000e+000  0.0000000e+000  1.0000000e+000  0.0000000e+000  0.0000000e+000  0.0000000e+000
  1.0000000e+000  3.8000000e+001  1.1000000e+001  1.0000000e+000  0.0000000e+000  0.0000000e+000  1.0000000e+000  0.0000000e+000  0.0000000e+000  0.0000000e+000
  1.0000000e+000  2.3000000e+001  8.0000000e+000  0.0000000e+000  1.0000000e+000  0.0000000e+000  1.0000000e+000  0.0000000e+000  0.0000000e+000  3.8812840e+003
  1.0000000e+000  2.6000000e+001  1.1000000e+001  1.0000000e+000  0.0000000e+000  0.0000000e+000  1.0000000e+000  0.0000000e+000  0.0000000e+000  1.7230960e+004
  1.0000000e+000  2.1000000e+001  1.2000000e+001  0.0000000e+000  0.0000000e+000  0.0000000e+000  0.0000000e+000  0.0000000e+000  0.0000000e+000  8.0486030e+003
  1.0000000e+000  2.5000000e+001  8.0000000e+000  1.0000000e+000  0.0000000e+000  0.0000000e+000  1.0000000e+000  0.0000000e+000  0.0000000e+000  0.0000000e+000
  1.0000000e+000  3.1000000e+001  1.1000000e+001  1.0000000e+000  0.0000000e+000  1.0000000e+000  1.0000000e+000  0.0000000e+000  0.0000000e+000  1.4509930e+004
  1.0000000e+000  1.7000000e+001  1.0000000e+001  1.0000000e+000  0.0000000e+000  0.0000000e+000  1.0000000e+000  0.0000000e+000  0.0000000e+000  0.0000000e+000
  1.0000000e+000  2.5000000e+001  1.1000000e+001  1.0000000e+000  0.0000000e+000  0.0000000e+000  1.0000000e+000  0.0000000e+000  0.0000000e+000  0.0000000e+000
  1.0000000e+000  2.1000000e+001  1.2000000e+001  1.0000000e+000  0.0000000e+000  0.0000000e+000  0.0000000e+000  0.0000000e+000  0.0000000e+000  9.9837840e+003
  1.0000000e+000  4.4000000e+001  1.1000000e+001  1.0000000e+000  0.0000000e+000  0.0000000e+000  1.0000000e+000  0.0000000e+000  0.0000000e+000  0.0000000e+000
  1.0000000e+000  2.5000000e+001  1.2000000e+001  0.0000000e+000  0.0000000e+000  0.0000000e+000  0.0000000e+000  0.0000000e+000  0.0000000e+000  5.5875030e+003
  1.0000000e+000  1.8000000e+001  9.0000000e+000  1.0000000e+000  0.0000000e+000  0.0000000e+000  1.0000000e+000  0.0000000e+000  0.0000000e+000  4.4828450e+003
  1.0000000e+000  4.2000000e+001  1.2000000e+001  1.0000000e+000  0.0000000e+000  0.0000000e+000  0.0000000e+000  0.0000000e+000  0.0000000e+000  2.4561530e+003
  1.0000000e+000  2.5000000e+001  1.0000000e+001  1.0000000e+000  0.0000000e+000  0.0000000e+000  1.0000000e+000  0.0000000e+000  0.0000000e+000  0.0000000e+000
  1.0000000e+000  3.1000000e+001  9.0000000e+000  0.0000000e+000  1.0000000e+000  0.0000000e+000  1.0000000e+000  0.0000000e+000  0.0000000e+000  2.6817600e+004
  1.0000000e+000  2.4000000e+001  1.0000000e+001  1.0000000e+000  0.0000000e+000  0.0000000e+000  1.0000000e+000  0.0000000e+000  0.0000000e+000  0.0000000e+000
  1.0000000e+000  2.6000000e+001  1.0000000e+001  1.0000000e+000  0.0000000e+000  0.0000000e+000  1.0000000e+000  0.0000000e+000  0.0000000e+000  9.2657880e+003
  1.0000000e+000  2.5000000e+001  1.1000000e+001  1.0000000e+000  0.0000000e+000  0.0000000e+000  1.0000000e+000  0.0000000e+000  0.0000000e+000  4.8522980e+002
  1.0000000e+000  1.8000000e+001  1.1000000e+001  1.0000000e+000  0.0000000e+000  0.0000000e+000  1.0000000e+000  0.0000000e+000  0.0000000e+000  4.8146270e+003
  1.0000000e+000  1.9000000e+001  1.1000000e+001  1.0000000e+000  0.0000000e+000  0.0000000e+000  1.0000000e+000  0.0000000e+000  0.0000000e+000  7.4581050e+003
  1.0000000e+000  4.3000000e+001  9.0000000e+000  1.0000000e+000  0.0000000e+000  0.0000000e+000  1.0000000e+000  0.0000000e+000  0.0000000e+000  0.0000000e+000
  1.0000000e+000  2.7000000e+001  1.3000000e+001  1.0000000e+000  0.0000000e+000  0.0000000e+000  0.0000000e+000  0.0000000e+000  0.0000000e+000  3.4099280e+004
  1.0000000e+000  1.7000000e+001  9.0000000e+000  1.0000000e+000  0.0000000e+000  0.0000000e+000  1.0000000e+000  0.0000000e+000  0.0000000e+000  1.9532680e+003
  1.0000000e+000  3.0000000e+001  1.1000000e+001  1.0000000e+000  0.0000000e+000  0.0000000e+000  1.0000000e+000  0.0000000e+000  0.0000000e+000  0.0000000e+000
  1.0000000e+000  2.6000000e+001  1.0000000e+001  1.0000000e+000  0.0000000e+000  1.0000000e+000  1.0000000e+000  2.0279990e+003  0.0000000e+000  0.0000000e+000
  1.0000000e+000  2.0000000e+001  9.0000000e+000  1.0000000e+000  0.0000000e+000  0.0000000e+000  1.0000000e+000  6.0839940e+003  0.0000000e+000  8.8816650e+003
  1.0000000e+000  1.7000000e+001  9.0000000e+000  0.0000000e+000  1.0000000e+000  0.0000000e+000  1.0000000e+000  4.4517040e+002  7.4343450e+001  6.2106700e+003
  1.0000000e+000  2.0000000e+001  1.2000000e+001  1.0000000e+000  0.0000000e+000  0.0000000e+000  0.0000000e+000  9.8926780e+002  1.6520770e+002  0.0000000e+000
  1.0000000e+000  1.8000000e+001  1.1000000e+001  1.0000000e+000  0.0000000e+000  0.0000000e+000  1.0000000e+000  8.5825430e+002  2.1456360e+002  9.2988390e+002
  1.0000000e+000  2.7000000e+001  1.2000000e+001  1.0000000e+000  0.0000000e+000  1.0000000e+000  0.0000000e+000  3.6708720e+003  3.3404930e+002  0.0000000e+000
  1.0000000e+000  2.1000000e+001  1.2000000e+001  0.0000000e+000  0.0000000e+000  0.0000000e+000  0.0000000e+000  3.6708720e+003  3.3404940e+002  1.2558020e+004
  1.0000000e+000  2.7000000e+001  1.2000000e+001  1.0000000e+000  0.0000000e+000  0.0000000e+000  0.0000000e+000  2.1434130e+003  3.5794990e+002  2.2163250e+004
  1.0000000e+000  2.0000000e+001  1.2000000e+001  1.0000000e+000  0.0000000e+000  0.0000000e+000  0.0000000e+000  0.0000000e+000  3.7756860e+002  1.6526370e+003
  1.0000000e+000  1.9000000e+001  1.0000000e+001  1.0000000e+000  0.0000000e+000  0.0000000e+000  1.0000000e+000  0.0000000e+000  3.8527410e+002  8.1247150e+003
  1.0000000e+000  2.3000000e+001  1.2000000e+001  1.0000000e+000  0.0000000e+000  0.0000000e+000  0.0000000e+000  5.5063080e+003  5.0107410e+002  6.7133180e+002
  1.0000000e+000  2.9000000e+001  1.4000000e+001  1.0000000e+000  0.0000000e+000  0.0000000e+000  0.0000000e+000  0.0000000e+000  6.7967340e+002  1.7814980e+004
  1.0000000e+000  1.8000000e+001  1.0000000e+001  1.0000000e+000  0.0000000e+000  0.0000000e+000  1.0000000e+000  0.0000000e+000  7.9890790e+002  9.7371540e+003
  1.0000000e+000  1.9000000e+001  9.0000000e+000  1.0000000e+000  0.0000000e+000  0.0000000e+000  1.0000000e+000  0.0000000e+000  7.9890790e+002  1.7685180e+004
  1.0000000e+000  2.7000000e+001  1.3000000e+001  0.0000000e+000  0.0000000e+000  1.0000000e+000  0.0000000e+000  9.3815660e+003  8.5372250e+002  0.0000000e+000
  1.0000000e+000  1.8000000e+001  1.1000000e+001  0.0000000e+000  0.0000000e+000  0.0000000e+000  1.0000000e+000  3.6782310e+003  9.1955790e+002  4.3217050e+003
  1.0000000e+000  2.7000000e+001  9.0000000e+000  1.0000000e+000  0.0000000e+000  1.0000000e+000  1.0000000e+000  0.0000000e+000  9.3444540e+002  1.7734230e+003
  1.0000000e+000  2.2000000e+001  1.2000000e+001  1.0000000e+000  0.0000000e+000  0.0000000e+000  0.0000000e+000  5.6058520e+003  9.3617730e+002  0.0000000e+000
  1.0000000e+000  2.3000000e+001  1.0000000e+001  1.0000000e+000  0.0000000e+000  1.0000000e+000  1.0000000e+000  0.0000000e+000  9.3643860e+002  1.1233260e+004
  1.0000000e+000  2.3000000e+001  1.2000000e+001  0.0000000e+000  1.0000000e+000  0.0000000e+000  0.0000000e+000  9.3857400e+003  1.1174390e+003  5.5944320e+002
  1.0000000e+000  2.0000000e+001  1.1000000e+001  1.0000000e+000  0.0000000e+000  0.0000000e+000  1.0000000e+000  3.6374980e+003  1.2208360e+003  1.0854400e+003
  1.0000000e+000  1.7000000e+001  9.0000000e+000  1.0000000e+000  0.0000000e+000  0.0000000e+000  1.0000000e+000  1.7165090e+003  1.2534390e+003  5.4452000e+003
  1.0000000e+000  2.8000000e+001  1.1000000e+001  1.0000000e+000  0.0000000e+000  0.0000000e+000  1.0000000e+000  0.0000000e+000  1.2840790e+003  6.0307930e+004
  1.0000000e+000  2.6000000e+001  1.1000000e+001  1.0000000e+000  0.0000000e+000  1.0000000e+000  1.0000000e+000  0.0000000e+000  1.3928530e+003  1.4603600e+003
  1.0000000e+000  2.0000000e+001  1.1000000e+001  1.0000000e+000  0.0000000e+000  0.0000000e+000  1.0000000e+000  1.6318620e+004  1.4849940e+003  6.9433420e+003
  1.0000000e+000  2.4000000e+001  1.1000000e+001  1.0000000e+000  0.0000000e+000  1.0000000e+000  1.0000000e+000  8.2438860e+002  1.6661130e+003  4.0327080e+003
  1.0000000e+000  3.1000000e+001  9.0000000e+000  1.0000000e+000  0.0000000e+000  0.0000000e+000  1.0000000e+000  0.0000000e+000  1.6986070e+003  1.0363270e+004
  1.0000000e+000  2.3000000e+001  8.0000000e+000  0.0000000e+000  0.0000000e+000  1.0000000e+000  1.0000000e+000  0.0000000e+000  1.7131500e+003  4.2323090e+003
  1.0000000e+000  1.8000000e+001  1.0000000e+001  1.0000000e+000  0.0000000e+000  0.0000000e+000  1.0000000e+000  2.1434110e+003  1.7842740e+003  1.1141390e+004
  1.0000000e+000  2.9000000e+001  1.2000000e+001  1.0000000e+000  0.0000000e+000  0.0000000e+000  0.0000000e+000  1.0881940e+004  1.8172840e+003  0.0000000e+000
  1.0000000e+000  2.6000000e+001  1.1000000e+001  0.0000000e+000  0.0000000e+000  0.0000000e+000  1.0000000e+000  0.0000000e+000  2.2262660e+003  1.3385860e+004
  1.0000000e+000  2.4000000e+001  9.0000000e+000  1.0000000e+000  0.0000000e+000  0.0000000e+000  1.0000000e+000  9.1547000e+003  2.2886750e+003  4.8495590e+003
  1.0000000e+000  2.5000000e+001  1.2000000e+001  1.0000000e+000  0.0000000e+000  0.0000000e+000  0.0000000e+000  1.4426790e+004  2.4092740e+003  0.0000000e+000
  1.0000000e+000  2.4000000e+001  1.0000000e+001  1.0000000e+000  0.0000000e+000  0.0000000e+000  1.0000000e+000  4.2504020e+003  2.4219470e+003  1.6605080e+003
  1.0000000e+000  4.6000000e+001  8.0000000e+000  1.0000000e+000  0.0000000e+000  0.0000000e+000  1.0000000e+000  3.1656580e+003  2.5947230e+003  0.0000000e+000
  1.0000000e+000  3.1000000e+001  1.2000000e+001  0.0000000e+000  0.0000000e+000  0.0000000e+000  0.0000000e+000  0.0000000e+000  2.6112180e+003  2.4845490e+003
  1.0000000e+000  1.9000000e+001  1.1000000e+001  1.0000000e+000  0.0000000e+000  0.0000000e+000  1.0000000e+000  2.3050260e+003  2.6152760e+003  4.1466030e+003
  1.0000000e+000  1.9000000e+001  8.0000000e+000  1.0000000e+000  0.0000000e+000  0.0000000e+000  1.0000000e+000  0.0000000e+000  2.6570570e+003  9.9706810e+003
  1.0000000e+000  2.7000000e+001  1.1000000e+001  1.0000000e+000  0.0000000e+000  0.0000000e+000  1.0000000e+000  2.2069400e+003  2.6662740e+003  0.0000000e+000
  1.0000000e+000  2.6000000e+001  1.1000000e+001  1.0000000e+000  0.0000000e+000  1.0000000e+000  1.0000000e+000  0.0000000e+000  2.7546460e+003  2.6372280e+004
  1.0000000e+000  2.0000000e+001  1.0000000e+001  1.0000000e+000  0.0000000e+000  0.0000000e+000  1.0000000e+000  5.0057310e+003  2.7773550e+003  5.6151890e+003
  1.0000000e+000  2.8000000e+001  1.0000000e+001  1.0000000e+000  0.0000000e+000  0.0000000e+000  1.0000000e+000  0.0000000e+000  2.8365060e+003  3.1965710e+003
  1.0000000e+000  2.4000000e+001  1.2000000e+001  1.0000000e+000  0.0000000e+000  0.0000000e+000  0.0000000e+000  1.3765750e+004  2.8427640e+003  6.1676810e+003
  1.0000000e+000  1.9000000e+001  8.0000000e+000  1.0000000e+000  0.0000000e+000  0.0000000e+000  1.0000000e+000  2.6363530e+003  2.9372640e+003  7.5359420e+003
  1.0000000e+000  2.3000000e+001  1.2000000e+001  1.0000000e+000  0.0000000e+000  0.0000000e+000  0.0000000e+000  6.2693410e+003  3.0399600e+003  8.4842390e+003
  1.0000000e+000  4.2000000e+001  9.0000000e+000  1.0000000e+000  0.0000000e+000  1.0000000e+000  1.0000000e+000  0.0000000e+000  3.0585310e+003  1.2944090e+003
  1.0000000e+000  2.5000000e+001  1.3000000e+001  1.0000000e+000  0.0000000e+000  0.0000000e+000  0.0000000e+000  1.2362930e+004  3.0907320e+003  0.0000000e+000
  1.0000000e+000  1.8000000e+001  9.0000000e+000  1.0000000e+000  0.0000000e+000  0.0000000e+000  1.0000000e+000  0.0000000e+000  3.2873750e+003  5.0103420e+003
  1.0000000e+000  2.1000000e+001  1.2000000e+001  1.0000000e+000  0.0000000e+000  0.0000000e+000  0.0000000e+000  6.4736830e+003  3.3324090e+003  9.3710370e+003
  1.0000000e+000  2.7000000e+001  1.0000000e+001  1.0000000e+000  0.0000000e+000  0.0000000e+000  1.0000000e+000  1.0011460e+003  3.5500750e+003  0.0000000e+000
  1.0000000e+000  2.1000000e+001  8.0000000e+000  1.0000000e+000  0.0000000e+000  0.0000000e+000  1.0000000e+000  9.8926780e+002  3.6958970e+003  4.2796130e+003
  1.0000000e+000  2.2000000e+001  9.0000000e+000  1.0000000e+000  0.0000000e+000  0.0000000e+000  1.0000000e+000  2.1928770e+003  3.8369860e+003  3.4625640e+003
  1.0000000e+000  3.1000000e+001  4.0000000e+000  1.0000000e+000  0.0000000e+000  0.0000000e+000  1.0000000e+000  8.5175890e+003  4.0232110e+003  7.3825490e+003
  1.0000000e+000  2.4000000e+001  1.0000000e+001  1.0000000e+000  0.0000000e+000  1.0000000e+000  1.0000000e+000  1.1703200e+004  4.0781520e+003  0.0000000e+000
  1.0000000e+000  2.9000000e+001  1.0000000e+001  1.0000000e+000  0.0000000e+000  0.0000000e+000  1.0000000e+000  0.0000000e+000  4.3989500e+003  0.0000000e+000
  1.0000000e+000  2.9000000e+001  1.2000000e+001  1.0000000e+000  0.0000000e+000  0.0000000e+000  0.0000000e+000  9.7483870e+003  4.8789370e+003  1.0976510e+004
  1.0000000e+000  1.9000000e+001  1.0000000e+001  0.0000000e+000  0.0000000e+000  0.0000000e+000  1.0000000e+000  0.0000000e+000  5.3241090e+003  1.3829620e+004
  1.0000000e+000  1.9000000e+001  1.1000000e+001  0.0000000e+000  1.0000000e+000  1.0000000e+000  1.0000000e+000  5.4244850e+003  5.4638030e+003  6.7884630e+003
  1.0000000e+000  3.1000000e+001  9.0000000e+000  1.0000000e+000  0.0000000e+000  0.0000000e+000  1.0000000e+000  1.0717030e+004  5.5178410e+003  9.5585010e+003
  1.0000000e+000  2.2000000e+001  1.0000000e+001  1.0000000e+000  0.0000000e+000  1.0000000e+000  1.0000000e+000  1.4683480e+003  5.5886640e+003  1.3228280e+004
  1.0000000e+000  2.1000000e+001  9.0000000e+000  1.0000000e+000  0.0000000e+000  0.0000000e+000  1.0000000e+000  6.4164700e+003  5.7493310e+003  7.4366660e+002
  1.0000000e+000  1.7000000e+001  1.0000000e+001  1.0000000e+000  0.0000000e+000  0.0000000e+000  1.0000000e+000  1.2914680e+003  5.7938520e+003  5.5227880e+003
  1.0000000e+000  2.6000000e+001  1.2000000e+001  1.0000000e+000  0.0000000e+000  1.0000000e+000  0.0000000e+000  8.4087620e+003  5.7948310e+003  1.4249440e+003
  1.0000000e+000  2.0000000e+001  9.0000000e+000  0.0000000e+000  1.0000000e+000  0.0000000e+000  1.0000000e+000  1.2260780e+004  5.8750490e+003  1.3586430e+003
  1.0000000e+000  1.9000000e+001  1.0000000e+001  1.0000000e+000  0.0000000e+000  0.0000000e+000  1.0000000e+000  4.1219490e+003  6.0567540e+003  0.0000000e+000
  1.0000000e+000  2.6000000e+001  1.0000000e+001  1.0000000e+000  0.0000000e+000  0.0000000e+000  1.0000000e+000  2.5929680e+004  6.7889580e+003  6.7287730e+002
  1.0000000e+000  2.8000000e+001  1.1000000e+001  1.0000000e+000  0.0000000e+000  0.0000000e+000  1.0000000e+000  1.9290290e+003  6.8718560e+003  0.0000000e+000
  1.0000000e+000  2.2000000e+001  1.2000000e+001  0.0000000e+000  1.0000000e+000  1.0000000e+000  0.0000000e+000  4.9223050e+002  7.0557020e+003  1.0092830e+004
  1.0000000e+000  3.3000000e+001  1.1000000e+001  1.0000000e+000  0.0000000e+000  0.0000000e+000  1.0000000e+000  0.0000000e+000  7.8679160e+003  6.2814330e+003
  1.0000000e+000  2.2000000e+001  1.2000000e+001  0.0000000e+000  0.0000000e+000  0.0000000e+000  0.0000000e+000  6.7599940e+003  8.4555040e+003  1.2590710e+004
  1.0000000e+000  2.9000000e+001  1.0000000e+001  0.0000000e+000  1.0000000e+000  0.0000000e+000  1.0000000e+000  0.0000000e+000  8.8536740e+003  5.1120140e+003
  1.0000000e+000  3.3000000e+001  1.2000000e+001  1.0000000e+000  0.0000000e+000  1.0000000e+000  0.0000000e+000  2.0279950e+004  1.0941350e+004  1.5952600e+004
  1.0000000e+000  2.5000000e+001  1.4000000e+001  1.0000000e+000  0.0000000e+000  1.0000000e+000  0.0000000e+000  3.5040070e+004  1.1536570e+004  3.6646950e+004
  1.0000000e+000  3.5000000e+001  9.0000000e+000  1.0000000e+000  0.0000000e+000  1.0000000e+000  1.0000000e+000  1.3602430e+004  1.3830640e+004  1.2803970e+004
  1.0000000e+000  3.5000000e+001  8.0000000e+000  1.0000000e+000  0.0000000e+000  1.0000000e+000  1.0000000e+000  1.3732070e+004  1.7976150e+004  3.7866280e+003
  1.0000000e+000  3.3000000e+001  1.1000000e+001  1.0000000e+000  0.0000000e+000  1.0000000e+000  1.0000000e+000  1.4660710e+004  2.5142240e+004  4.1819420e+003
